Codigo;fecha;rN mm acumulado;rN mm anual;rS mm acumulado;rS mm anual;rE mm acumulado;rE mm anual;rW mm acumulado;rW mm anual;N;NE;E;SE;S;SW;W;NW
L2A;2005;16;16;15;16;15;16;15;16;0;0;0;0;0;0;0;0
L2A;2006;43;27;39;24;39;24;43;28;0;0;0;0;0;0;0;0
L2A;2007;63;20;57;18;53;14;65;22;0;0;0;0;0;0;0;0
L2A;2008;78;15;69;12;65;12;81;16;0;0;0;0;0;0;0;0
L2A;2009;90;12;81;12;78;13;95;14;0;0;0;0;0;0;0;0
L2A;2010;100;10;90;9;86;8;104;9;0;0;0;0;0;0;0;0
L2A;2011;108;8;98;8;93;7;114;10;0;0;0;0;0;0;0;0
L2A;2012;120;12;109;11;109;16;124;10;0;0;0;0;0;0;0;0
L2A;2013;133;13;128;19;128;19;138;14;0;0;0;0;0;0;0;0
L2A;2014;144;11;145;17;143;15;152;14;0;0;0;0;0;0;0;0
L2A;2015;152;8;154;9;158;15;160;8;0;0;0;0;0;0;0;0
L2A;2016;162;10;168;14;169;11;167;7;0;0;0;0;0;0;0;0
L2A;2017;167;5;176;8;173;4;170;3;0;0;0;0;0;0;0;0
L2A;2018;172;5;181;5;181;8;174;4;0;0;0;0;0;0;0;0
L2A;2019;174;2;183;2;184;3;177;3;0;0;0;0;0;0;0;0
L3A;2004;12;12;10;10;11;11;11;11;0;0;0;0;0;0;0;0
L3A;2005;32;20;26;16;27;16;31;20;0;1;1;0;0;0;0;0
L3A;2006;59;27;47;21;49;22;55;24;1;0;0;0;0;0;0;0
L3A;2007;73;14;59;12;60;11;72;17;1;0;0;0;0;0;0;0
L3A;2008;87;14;73;14;70;10;86;14;0;0;0;0;0;0;0;0
L3A;2009;100;13;84;11;84;14;101;15;0;0;0;0;0;0;0;0
L3A;2010;110;10;93;9;93;9;103;2;0;0;0;0;0;0;0;0
L3A;2011;121;11;102;9;103;10;124;21;0;0;0;0;0;0;0;0
L3A;2012;135;14;110;8;115;12;138;14;1;0;0;0;0;0;0;0
L3A;2013;150;15;120;10;127;12;150;12;0;0;0;0;0;1;0;1
L3A;2014;161;11;135;15;139;12;163;13;0;0;0;0;0;0;0;0
L3A;2015;170;9;148;13;152;13;173;10;0;0;0;0;0;0;0;0
L3A;2016;183;13;164;16;168;16;186;13;1;0;0;0;0;1;0;0
L3A;2017;192;9;173;9;176;8;194;8;0;0;0;0;0;0;0;0
L3A;2018;205;13;182;9;188;12;203;9;0;0;0;0;0;0;0;0
L3A;2019;209;4;190;8;193;5;207;4;0;0;0;0;0;0;0;0
L4A;2004;9;9;8;8;8;8;9;9;0;0;0;0;0;0;0;0
L4A;2005;28;19;24;16;24;16;27;18;0;0;0;0;0;0;0;1
L4A;2006;55;27;48;24;48;24;54;27;1;0;0;0;0;0;0;0
L4A;2007;66;11;59;11;60;12;69;15;0;0;0;0;0;0;0;0
L4A;2008;80;14;75;16;75;15;87;18;1;0;0;0;0;0;1;1
L4A;2009;97;17;91;16;91;16;105;18;0;0;0;0;0;0;1;1
L4A;2010;108;11;100;9;101;10;115;10;0;0;0;0;0;0;0;0
L4A;2011;116;8;109;9;107;6;124;9;0;0;0;0;0;0;0;0
L4A;2012;131;15;117;9;118;11;138;14;1;0;0;0;0;0;0;1
L4A;2013;148;17;129;12;133;15;160;22;1;1;0;0;0;1;1;1
L4A;2014;167;19;143;14;153;20;169;9;0;1;0;0;0;0;0;0
L4A;2015;176;9;158;15;162;9;187;18;1;0;0;0;0;1;1;0
L4A;2016;194;18;166;8;178;16;195;8;1;1;0;1;1;0;0;0
L4A;2017;200;6;174;8;187;9;201;6;1;1;0;1;1;1;1;0
L4A;2018;205;5;183;9;194;7;205;4;0;0;0;0;0;0;0;0
L4A;2019;209;4;187;4;198;4;207;2;0;0;0;0;0;0;0;0
L7A;2004;5;5;6;6;5;5;5;5;0;0;0;0;0;0;0;0
L7A;2005;24;19;24;18;23;18;23;18;1;1;0;0;0;0;0;0
L7A;2006;46;22;48;24;46;23;45;22;1;1;0;0;0;0;0;0
L7A;2007;60;14;60;12;60;14;60;15;1;0;1;0;0;0;0;0
L7A;2008;77;17;77;17;74;14;77;17;1;1;0;0;0;0;0;0
L7A;2009;94;17;98;21;94;20;95;18;1;1;0;0;0;0;0;0
L7A;2010;104;10;109;11;102;8;105;10;0;0;0;0;0;0;0;0
L7A;2011;112;8;121;12;110;8;114;9;0;0;0;0;0;0;0;0
L7A;2012;123;11;137;16;127;17;125;11;0;0;0;0;0;0;0;0
L7A;2013;137;14;154;17;143;16;142;17;0;0;0;0;0;0;0;0
L7A;2014;154;17;168;14;157;14;156;14;0;0;0;0;0;0;0;0
L7A;2015;164;10;178;10;168;11;169;13;0;0;0;0;0;0;0;0
L7A;2016;174;10;189;11;180;12;182;13;0;0;0;0;0;0;0;0
L7A;2017;183;9;199;10;187;7;190;8;0;0;0;1;1;1;0;0
L7A;2018;191;8;206;7;195;8;202;12;0;0;0;0;0;0;0;0
L7A;2019;195;4;210;4;199;4;205;3;0;0;0;0;0;0;0;0
L8A;2004;9;9;11;11;11;11;10;9;0;0;0;0;0;0;0;0
L8A;2005;30;21;50;39;35;24;37;27;1;0;0;0;0;0;0;0
L8A;2006;53;23;59;9;52;17;58;21;0;0;1;0;0;0;0;0
L8A;2007;71;18;66;7;64;12;70;12;1;0;1;0;0;0;0;0
L8A;2008;84;13;75;9;76;12;82;12;0;0;1;0;0;0;0;0
L8A;2009;101;17;90;15;91;15;95;13;1;1;0;0;0;0;0;1
L8A;2010;111;10;96;6;98;7;103;8;0;1;0;1;0;0;1;0
L8A;2011;120;9;101;5;105;7;110;7;1;0;0;0;0;0;0;0
L8A;2012;130;10;110;9;117;12;118;8;1;1;0;0;0;0;0;0
L8A;2013;142;12;124;14;130;13;128;10;1;1;1;1;0;1;1;0
L8A;2014;149;7;146;22;141;11;143;15;1;1;1;1;1;0;1;0
L8A;2015;163;14;155;9;152;11;151;8;0;1;0;1;1;1;1;1
L8A;2016;179;16;166;11;165;13;162;11;1;1;1;1;1;1;1;1
L8A;2017;186;7;175;9;170;5;171;9;1;1;0;1;1;1;1;1
L8A;2018;193;7;180;5;180;10;184;13;0;1;1;0;1;1;1;1
L8A;2019;197;4;184;4;187;7;185;1;1;0;1;1;1;1;1;1
L9A;2004;7;7;7;7;7;7;7;7;0;0;0;0;0;0;0;0
L9A;2005;28;21;27;20;29;22;30;23;1;1;1;1;1;1;1;1
L9A;2006;54;26;58;31;60;31;56;26;0;1;1;1;0;0;0;0
L9A;2007;65;11;75;17;70;10;69;13;0;0;1;1;0;1;0;0
L9A;2008;74;9;91;16;83;13;80;11;0;0;1;1;1;1;0;0
L9A;2009;85;11;104;13;97;14;92;12;0;0;0;0;1;0;0;0
L9A;2010;93;8;112;8;103;6;100;8;0;0;0;0;0;1;0;0
L9A;2011;97;4;116;4;107;4;105;5;0;0;0;0;0;0;0;0
L9A;2012;102;5;122;6;115;8;111;6;0;0;0;0;0;0;0;0
L9A;2013;110;8;131;9;126;11;121;10;0;0;0;0;0;0;0;0
L9A;2014;117;7;139;8;137;11;128;7;0;0;0;0;0;0;0;0
L9A;2015;126;9;144;5;143;6;133;5;0;0;0;0;0;0;0;0
L9A;2016;133;7;157;13;152;9;144;11;0;0;0;0;0;1;0;0
L9A;2017;142;9;163;6;160;8;148;4;0;0;0;0;0;0;0;0
L9A;2018;148;6;168;5;167;7;153;5;0;0;0;0;0;0;0;0
L9A;2019;151;3;171;3;170;3;157;4;0;0;0;0;0;0;0;0
L11A;2004;9;9;8;8;9;9;8;8;1;1;1;0;0;0;1;1
L11A;2005;31;22;24;16;30;21;29;21;1;1;1;1;0;1;1;1
L11A;2006;57;26;46;22;59;29;44;15;1;1;1;0;0;0;0;0
L11A;2007;71;14;58;12;73;14;57;13;0;1;1;0;0;0;0;0
L11A;2008;83;12;69;11;85;12;70;13;1;1;0;1;1;0;1;1
L11A;2009;91;8;81;12;96;11;77;7;0;0;0;1;0;1;0;0
L11A;2010;97;6;85;4;102;6;82;5;0;0;0;0;0;0;0;0
L11A;2011;99;2;93;8;111;9;94;12;0;0;0;0;0;0;0;0
L11A;2012;115;16;104;11;125;14;100;6;0;0;1;0;0;0;0;0
L11A;2013;130;15;116;12;139;14;115;15;1;1;0;1;1;1;1;1
L11A;2014;145;15;130;14;155;16;129;14;1;0;1;0;0;1;1;1
L11A;2015;152;7;140;10;168;13;140;11;1;1;1;1;0;1;1;1
L11A;2016;166;14;149;9;177;9;150;10;1;1;0;1;0;1;1;1
L11A;2017;172;6;154;5;182;5;154;4;0;0;0;0;0;0;0;0
L11A;2018;182;10;163;9;188;6;164;10;0;0;0;0;0;0;0;0
L11A;2019;185;3;165;2;192;4;167;3;0;0;0;0;0;0;0;0
L2Ab;2004;12;12;10;10;11;11;11;11;1;0;1;1;0;0;1;1
L2Ab;2005;32;20;28;18;26;15;34;23;0;0;0;0;0;0;1;1
L2Ab;2006;63;31;51;23;46;20;71;37;0;0;0;0;0;0;0;1
L2Ab;2007;77;14;65;14;57;11;94;23;0;0;0;0;0;0;1;1
L2Ab;2008;92;15;77;12;67;10;111;17;0;0;0;0;0;0;0;0
L2Ab;2009;105;13;88;11;74;7;127;16;0;0;0;0;0;0;0;0
L2Ab;2010;113;8;96;8;81;7;138;11;0;0;0;0;0;0;0;0
L2Ab;2011;122;9;102;6;86;5;148;10;0;0;0;0;0;0;0;0
L2Ab;2012;132;10;120;18;103;17;161;13;0;0;0;0;0;0;0;0
L2Ab;2013;151;19;144;24;119;16;180;19;0;0;0;0;0;0;0;0
L2Ab;2014;172;21;164;20;135;16;203;23;0;0;0;0;0;0;0;0
L2Ab;2015;186;14;178;14;147;12;209;6;0;0;0;0;0;0;0;0
L2Ab;2016;195;9;193;15;159;12;220;11;0;0;0;0;0;0;0;0
L2Ab;2017;199;4;201;8;166;7;227;7;0;0;0;0;0;0;0;0
L2Ab;2018;205;6;207;6;172;6;233;6;0;0;0;0;0;0;0;0
L2Ab;2019;207;2;210;3;173;1;235;2;0;0;0;0;0;0;0;0
L3Ab;2003;9;9;9;9;9;9;10;10;0;1;1;1;1;1;0;0
L3Ab;2004;22;13;22;13;24;15;29;19;1;1;1;1;1;1;1;1
L3Ab;2005;56;34;45;23;57;33;46;17;1;0;0;1;1;1;0;0
L3Ab;2006;66;10;64;19;66;9;66;20;0;0;0;0;0;0;0;0
L3Ab;2007;76;10;73;9;73;7;83;17;0;0;0;0;1;1;0;1
L3Ab;2008;89;13;84;11;82;9;99;16;0;0;0;0;0;0;1;1
L3Ab;2009;103;14;96;12;92;10;115;16;0;0;0;0;0;0;1;1
L3Ab;2010;115;12;109;13;102;10;128;13;0;0;0;0;0;1;1;1
L3Ab;2011;126;11;119;10;111;9;143;15;0;0;0;0;0;1;1;1
L3Ab;2012;143;17;131;12;124;13;162;19;0;0;0;0;0;0;0;0
L3Ab;2013;162;19;145;14;137;13;185;23;0;0;0;0;0;0;0;0
L3Ab;2014;174;12;165;20;152;15;200;15;0;0;0;0;0;1;1;1
L3Ab;2015;188;14;184;19;163;11;214;14;0;0;0;0;0;1;0;0
L3Ab;2016;204;16;202;18;181;18;233;19;0;0;0;0;0;0;0;0
L3Ab;2017;218;14;213;11;194;13;247;14;0;0;0;0;0;1;1;1
L3Ab;2018;236;18;224;11;211;17;258;11;0;0;0;0;0;0;0;0
L3Ab;2019;241;5;231;7;215;4;263;5;0;0;0;0;0;0;0;0
L4Ab;2003;12;12;9;9;11;11;10;10;0;0;0;0;0;0;0;0
L4Ab;2004;29;17;27;18;27;16;29;19;1;1;1;0;0;0;0;0
L4Ab;2005;46;17;40;13;44;17;43;14;0;1;0;0;0;0;0;0
L4Ab;2006;72;26;62;23;70;27;67;24;1;1;1;0;0;0;0;0
L4Ab;2007;84;12;76;14;84;14;78;11;1;0;0;0;0;0;0;0
L4Ab;2008;97;14;92;16;100;16;92;14;1;1;1;0;1;0;0;0
L4Ab;2009;112;15;108;16;118;18;108;16;0;0;0;0;1;0;0;0
L4Ab;2010;124;12;118;10;130;12;117;9;1;0;0;0;0;0;0;0
L4Ab;2011;130;6;127;9;138;8;124;7;0;0;0;1;0;1;0;0
L4Ab;2012;144;14;141;14;150;12;139;16;1;0;1;0;0;0;0;0
L4Ab;2013;160;16;160;19;168;18;160;21;1;1;1;1;0;0;1;1
L4Ab;2014;180;20;177;17;194;26;172;12;1;1;1;1;0;1;0;1
L4Ab;2015;190;10;205;28;208;14;182;10;1;1;1;1;1;1;1;1
L4Ab;2016;211;21;220;15;227;19;195;13;1;1;1;1;1;1;1;1
L4Ab;2017;216;5;235;15;238;11;201;6;1;1;1;1;1;1;0;0
L4Ab;2018;220;4;243;8;247;9;205;4;1;0;0;1;0;0;0;0
L4Ab;2019;222;2;247;4;253;6;207;2;1;1;1;1;1;1;0;1
L7Ab;2003;6;6;6;6;6;6;6;6;0;0;0;0;0;0;0;0
L7Ab;2004;14;8;13,5;7,5;14;8;13;7;0;0;0;0;0;0;0;1
L7Ab;2005;33;19;35;21,5;35;21;35;22;0;0;1;1;1;1;1;1
L7Ab;2006;62;29;66;31;60;25;60;25;0;1;1;1;1;1;1;1
L7Ab;2007;75;13;80;14;73;13;73;13;1;0;1;1;1;1;1;0
L7Ab;2008;96;21;98;18;89;16;88;15;1;1;1;1;1;1;1;1
L7Ab;2009;122;26;121;23;113;24;109;21;1;0;0;1;1;0;1;0
L7Ab;2010;137;15;133,5;12,5;124;11;121;12;1;1;1;1;1;0;1;1
L7Ab;2011;148;11;145;11,5;133;9;131;10;1;0;0;0;0;0;0;0
L7Ab;2012;161;13;160;15;152;19;143;12;0;0;0;0;0;0;1;0
L7Ab;2013;177;16;176;16;172;20;161;18;1;0;1;0;0;0;1;0
L7Ab;2014;199;22;190;14;189;17;180;19;0;1;1;0;0;0;1;1
L7Ab;2015;213;14;200;10;203;14;195;15;0;0;0;0;0;0;1;1
L7Ab;2016;225;12;208;8;213;10;210;15;0;0;0;0;0;1;0;0
L7Ab;2017;236;11;214;6;220;7;216;6;1;1;0;0;0;1;0;0
L7Ab;2018;244;8;221;7;228;8;223;7;1;1;0;1;0;0;0;0
L7Ab;2019;248;4;225;4;231;3;225;2;1;1;1;0;0;0;0;0
L8Ab;2003;7;7;7;7;7;7;7;7;0;0;0;0;0;0;0;0
L8Ab;2004;20;13;20;13;20;13;20;13;0;0;0;0;0;0;0;0
L8Ab;2005;39;19;34;14;38;18;39;19;0;0;0;0;0;0;0;0
L8Ab;2006;67;28;64;30;63;25;68;29;1;0;0;0;0;0;0;1
L8Ab;2007;82;15;80;16;76;13;85;17;1;0;0;0;0;0;0;0
L8Ab;2008;97;15;94;14;88;12;101;16;0;0;0;0;0;0;0;0
L8Ab;2009;119;22;112;18;107;19;121;20;1;0;0;0;0;0;0;1
L8Ab;2010;131;12;119;7;115;8;134;13;0;0;0;0;0;0;0;0
L8Ab;2011;142;11;124;5;121;6;142;8;0;0;0;0;0;0;0;0
L8Ab;2012;157;15;134;10;135;14;153,5;11,5;0;0;0;0;0;0;0;0
L8Ab;2013;174;17;160;26;157;22;170;16,5;0;0;1;1;1;0;0;0
L8Ab;2014;191;17;187;27;178;21;183;13;0;0;0;0;0;1;0;0
L8Ab;2015;208;17;198;11;193;15;194;11;1;1;1;1;1;1;1;1
L8Ab;2016;220;12;205;7;203;10;205;11;1;1;1;1;1;1;1;1
L8Ab;2017;232;12;215;10;209;6;213;8;1;1;0;1;1;1;1;1
L8Ab;2018;239;7;223;8;226;17;224;11;1;1;1;0;1;1;1;1
L8Ab;2019;244;5;225;2;234;8;225;1;1;1;1;1;1;1;0;0
L9Ab;2003;9;9;8;8;8;8;8;8;0;0;0;0;0;0;0;0
L9Ab;2004;24;15;22;14;20;12;25;17;1;1;1;1;1;1;1;1
L9Ab;2005;44;20;45;23;44;24;46;21;1;1;1;0;0;0;0;0
L9Ab;2006;71;27;73;28;77;33;68;22;1;1;1;1;0;0;0;0
L9Ab;2007;83;12;84;11;90;13;80;12;0;1;1;1;0;0;0;0
L9Ab;2008;93;10;97;13;102;12;92;12;0;0;0;0;0;0;0;0
L9Ab;2009;104;11;107;10;114;12;103;11;0;0;0;0;0;0;0;0
L9Ab;2010;110;6;115;8;120;6;112;9;0;0;0;0;0;0;0;0
L9Ab;2011;114;4;120;5;125;5;117;5;0;0;0;0;0;0;0;0
L9Ab;2012;122;8;127;7;134;9;122;5;0;0;0;0;0;0;0;0
L9Ab;2013;135;13;137;10;145;11;134;12;0;0;0;0;0;0;0;0
L9Ab;2014;144;9;147;10;156;11;143;9;0;0;0;0;0;0;0;0
L9Ab;2015;154;10;153;6;161;5;148;5;0;0;0;0;0;0;0;0
L9Ab;2016;165;11;162;9;171;10;158;10;0;0;0;0;0;0;0;0
L9Ab;2017;178;13;168;6;180;9;161;3;0;0;1;0;0;0;1;0
L9Ab;2018;185;7;175;7;190;10;168;7;1;0;0;0;0;0;0;0
L9Ab;2019;186;1;178;3;196;6;172;4;0;0;0;1;0;0;0;0
L11Ab;2003;8;8;7;7;7;7;8;8;0;0;0;0;0;0;0;0
L11Ab;2004;17;9;18;11;18;11;21;13;1;0;0;0;0;1;1;1
L11Ab;2005;37;20;35;17;34;16;38;17;0;0;0;0;0;0;0;0
L11Ab;2006;60;23;58;23;60;26;63;24;0;0;0;0;1;1;1;1
L11Ab;2007;71;11;71;13;74;14;75;13;0;1;1;0;1;1;0;1
L11Ab;2008;84;13;84;13;86;12;88;13;0;0;0;0;0;0;0;0
L11Ab;2009;91;7;95;11;97;11;96;7;0;0;0;0;0;0;0;0
L11Ab;2010;96;5;100;5;103;6;101;6;0;1;0;0;0;0;0;0
L11Ab;2011;104;8;108;8;113;10;108;8;0;0;0;0;0;0;0;0
L11Ab;2012;118;14;120;12;128;15;121;13;0;0;0;0;0;0;0;0
L11Ab;2013;138;20;133;13;147;19;137;15;0;1;0;1;1;1;1;0
L11Ab;2014;156;18;148;15;162;15;153;16;1;1;1;1;1;0;1;1
L11Ab;2015;168;12;158;10;176;14;163;11;0;0;0;0;1;1;1;0
L11Ab;2016;178;10;168;10;187;11;173;9;1;0;0;0;1;0;1;1
L11Ab;2017;185;7;172;4;193;6;179;6;0;0;0;0;0;0;1;1
L11Ab;2018;195;10;179;7;201;8;186;8;0;0;0;0;0;0;0;0
L11Ab;2019;197,5;2,5;181;2;206;5;190;3;0;0;0;0;0;0;0;0
